Drop 1.0
0 393.461538462
Drop 1.1
0 393.692307692
Drop 1.2
0 397.666666667
Drop 1.3
0 317.466666667
Drop 1.4
0 410.538461538
Drop 1.5
0 377.076923077
Drop 1.6
0 340.785714286
Drop 1.7
0 367.285714286
Drop 1.8
0 343.428571429
Drop 1.9
0 403.333333333
Drop 1.10
0 407.692307692
Drop 1.11
0 305.733333333
Drop 1.12
0 359.615384615
Drop 1.13
0 355.642857143
Drop 1.14
0 344.0
Drop 1.15
0 308.0
Drop 1.16
0 363.846153846
Drop 1.17
0 367.615384615
Drop 1.18
0 356.833333333
Drop 1.19
0 352.923076923
Drop 1.20
0 370.615384615
Drop 1.21
0 342.692307692
Drop 1.22
0 357.461538462
Drop 1.23
0 301.058823529
Drop 1.24
0 318.923076923
Drop 1.25
0 371.214285714
Drop 1.26
0 393.571428571
Drop 1.27
0 380.384615385
Drop 1.28
0 352.933333333
Drop 1.29
0 329.0
Drop 1.30
0 342.285714286
Drop 1.31
0 322.533333333
Drop 1.32
0 361.230769231
Drop 1.33
0 396.615384615
Drop 1.34
0 340.357142857
Drop 1.35
0 387.692307692
Drop 1.36
0 344.933333333
Drop 1.37
0 353.615384615
Drop 1.38
0 373.846153846
Drop 1.39
0 389.916666667
Drop 1.40
0 319.352941176
Drop 1.41
0 335.866666667
Drop 1.42
0 412.846153846
Drop 1.43
0 348.461538462
Drop 1.44
0 308.0
Drop 1.45
0 371.333333333
Drop 1.46
0 405.75
Drop 1.47
0 265.388888889
Drop 1.48
0 402.416666667
Drop 1.49
0 370.083333333
Drop 1.50
0 313.642857143
Drop 1.51
0 390.461538462
Drop 1.52
0 349.642857143
Drop 1.53
0 342.866666667
Drop 1.54
0 372.857142857
Drop 1.55
0 369.166666667
Drop 1.56
0 302.714285714
Drop 1.57
0 362.857142857
Drop 1.58
0 356.375
Drop 1.59
0 363.538461538
Drop 1.60
0 372.923076923
Drop 1.61
0 369.230769231
Drop 1.62
0 380.076923077
Drop 1.63
0 372.384615385