404.583333333
223.529411765
320.0
350.285714286
361.714285714
347.0
353.0
398.666666667
289.571428571
290.785714286
347.266666667
58.4193548387
342.692307692
328.714285714
365.0
372.285714286
301.4
6.44444444444
306.647058824
384.916666667
356.571428571
171.857142857
319.428571429
388.0
305.9375
347.642857143
198.681818182
362.0
377.230769231
344.615384615
342.333333333
9.93617021277
Drop 1.0
0 346.076923077
Drop 1.1
0 328.0
Drop 1.2
0 388.25
Drop 1.3
0 346.214285714
Drop 1.4
0 363.538461538
Drop 1.5
0 298.2
Drop 1.6
0 367.769230769
Drop 1.7
0 307.928571429
Drop 1.8
0 312.785714286
Drop 1.9
0 378.916666667
Drop 1.10
0 313.733333333
Drop 1.11
0 335.285714286
Drop 1.12
0 344.571428571
Drop 1.13
0 388.692307692
Drop 1.14
0 381.214285714
Drop 1.15
0 368.769230769
Drop 1.16
0 344.0
Drop 1.17
0 309.642857143
Drop 1.18
0 335.071428571
Drop 1.19
0 354.857142857
Drop 1.20
0 355.571428571
Drop 1.21
0 380.333333333
Drop 1.22
0 333.153846154
Drop 1.23
0 377.214285714
Drop 1.24
0 392.076923077
Drop 1.25
0 411.083333333
Drop 1.26
0 367.461538462
Drop 1.27
0 347.533333333
Drop 1.28
0 342.4375
Drop 1.29
0 406.25
Drop 1.30
0 358.5
Drop 1.31
0 384.285714286
Drop 1.32
0 341.384615385
Drop 1.33
0 349.153846154
Drop 1.34
0 330.769230769
Drop 1.35
0 380.583333333
Drop 1.36
0 330.0
Drop 1.37
0 369.307692308
Drop 1.38
0 399.384615385
Drop 1.39
0 391.538461538
Drop 1.40
0 320.176470588
Drop 1.41
0 353.307692308
Drop 1.42
0 374.692307692
Drop 1.43
0 345.846153846
Drop 1.44
0 364.857142857
Drop 1.45
0 366.666666667
Drop 1.46
0 341.692307692
Drop 1.47
0 295.466666667
Drop 1.48
0 348.769230769
Drop 1.49
0 297.25
Drop 1.50
0 384.0
Drop 1.51
0 377.692307692
Drop 1.52
0 289.214285714
Drop 1.53
0 382.333333333
Drop 1.54
0 364.333333333
Drop 1.55
0 369.769230769
Drop 1.56
0 322.071428571
Drop 1.57
0 363.571428571
Drop 1.58
0 344.214285714
Drop 1.59
0 341.0
Drop 1.60
0 383.076923077
Drop 1.61
0 362.666666667
Drop 1.62
0 314.357142857
Drop 1.63
0 341.285714286
Drop 2.0
0 372.230769231
Drop 2.1
0 279.9375
Drop 2.2
0 366.0
Drop 2.3
0 350.142857143
Drop 2.4
0 345.0
Drop 2.5
0 349.076923077
Drop 2.6
0 394.230769231
Drop 2.7
0 365.214285714
Drop 2.8
0 391.0
Drop 2.9
0 315.4
Drop 2.10
0 336.642857143
Drop 2.11
0 377.923076923
Drop 2.12
0 344.642857143
Drop 2.13
0 298.666666667
Drop 2.14
0 346.928571429
Drop 2.15
0 342.692307692
Drop 2.16
0 357.615384615
Drop 2.17
0 367.166666667
Drop 2.18
0 358.076923077
Drop 2.19
0 367.357142857
Drop 2.20
0 380.583333333
Drop 2.21
0 326.142857143
Drop 2.22
0 283.933333333
Drop 2.23
0 357.076923077
Drop 2.24
0 349.307692308
Drop 2.25
0 363.833333333
Drop 2.26
0 385.583333333
Drop 2.27
0 373.857142857
Drop 2.28
0 363.0
Drop 2.29
0 355.153846154
Drop 2.30
0 319.357142857
Drop 2.31
0 300.466666667
Drop 2.32
0 366.666666667
Drop 2.33
0 367.692307692
Drop 2.34
0 369.0
Drop 2.35
0 360.923076923
Drop 2.36
0 319.142857143
Drop 2.37
0 411.666666667
Drop 2.38
0 352.571428571
Drop 2.39
0 329.153846154
Drop 2.40
0 378.357142857
Drop 2.41
0 319.857142857
Drop 2.42
0 385.0
Drop 2.43
0 358.642857143
Drop 2.44
0 374.461538462
Drop 2.45
0 341.923076923
Drop 2.46
0 371.923076923
Drop 2.47
0 406.916666667
Drop 2.48
0 391.583333333
Drop 2.49
0 310.857142857
Drop 2.50
0 335.071428571
Drop 2.51
0 368.5
Drop 2.52
0 402.357142857
Drop 2.53
0 338.538461538
Drop 2.54
0 390.615384615
Drop 2.55
0 342.538461538
Drop 2.56
0 391.384615385
Drop 2.57
0 293.466666667
Drop 2.58
0 324.071428571
Drop 2.59
0 376.785714286
Drop 2.60
0 406.083333333
Drop 2.61
0 418.545454545
Drop 2.62
0 351.75
Drop 2.63
0 364.357142857
