0 355.5625
1 327.473684211
2 323.945945946
3 381.515151515
4 370.088235294
5 332.857142857
6 352.323529412
7 338.228571429
8 364.235294118
9 371.71875
10 337.058823529
11 72.9571428571
12 368.121212121
13 374.033333333
14 314.029411765
15 368.774193548
16 340.714285714
17 6.42207792208
18 359.264705882
19 385.375
20 385.848484848
21 194.236363636
22 340.633333333
23 372.606060606
24 320.0
25 308.666666667
26 192.037735849
27 370.666666667
28 370.225806452
29 334.5
30 375.448275862
31 11.9917355372
