Drop 2.0
0 359.2
Drop 2.1
0 367.0
Drop 2.2
0 388.666666667
Drop 2.3
0 348.909090909
Drop 2.4
0 378.833333333
Drop 2.5
0 351.538461538
Drop 2.6
0 370.571428571
Drop 2.7
0 366.307692308
Drop 2.8
0 409.5
Drop 2.9
0 390.615384615
Drop 2.10
0 397.666666667
Drop 2.11
0 356.307692308
Drop 2.12
0 362.923076923
Drop 2.13
0 294.866666667
Drop 2.14
0 373.75
Drop 2.15
0 347.615384615
Drop 2.16
0 327.357142857
Drop 2.17
0 378.090909091
Drop 2.18
0 318.0
Drop 2.19
0 355.769230769
Drop 2.20
0 321.4
Drop 2.21
0 372.428571429
Drop 2.22
0 359.285714286
Drop 2.23
0 375.615384615
Drop 2.24
0 379.583333333
Drop 2.25
0 388.583333333
Drop 2.26
0 331.071428571
Drop 2.27
0 379.846153846
Drop 2.28
0 367.214285714
Drop 2.29
0 343.571428571
Drop 2.30
0 287.214285714
Drop 2.31
0 345.0
Drop 2.32
0 335.428571429
Drop 2.33
0 360.428571429
Drop 2.34
0 327.142857143
Drop 2.35
0 373.846153846
Drop 2.36
0 261.5625
Drop 2.37
0 356.076923077
Drop 2.38
0 365.230769231
Drop 2.39
0 379.166666667
Drop 2.40
0 318.5625
Drop 2.41
0 360.230769231
Drop 2.42
0 347.428571429
Drop 2.43
0 282.5
Drop 2.44
0 380.857142857
Drop 2.45
0 381.461538462
Drop 2.46
0 422.090909091
Drop 2.47
0 344.214285714
Drop 2.48
0 362.214285714
Drop 2.49
0 353.285714286
Drop 2.50
0 357.384615385
Drop 2.51
0 408.076923077
Drop 2.52
0 348.846153846
Drop 2.53
0 313.857142857
Drop 2.54
0 379.333333333
Drop 2.55
0 398.0
Drop 2.56
0 360.923076923
Drop 2.57
0 347.928571429
Drop 2.58
0 354.428571429
Drop 2.59
0 346.5
Drop 2.60
0 350.071428571
Drop 2.61
0 397.230769231
Drop 2.62
0 327.692307692
Drop 2.63
0 329.769230769
