#{'repeat_prob': 0.0, 'tensorboard_freq': 50, 'opt_decay': 0.95, 'ckpt': 0, 'train_frames': 50000000.0, 'frame_skip': 4, 'tensorboard': False, 'conv_units': [32, 64, 64], 'test_frames': 20000.0, 'in_height': 84, 'hist_size': 1000000.0, u'rom_name': u'seaquest', 'rom_path': u'../ale-git/roms/', 'conv_layers': 3, 'display_screen': False, 'random_start': 30, 'filter_sizes': [8, 4, 3], 'clip_delta': 1.0, 'lr': 0.00025, 'eps_min': 0.1, 'opt_eps': 0.01, 'momentum': 0.0, 'state_frames': 4, 'random_seed': 42, 'batch_size': 32, 'strides': [4, 2, 1], 'device': u'/gpu:0', 'eps_decay': 9e-07, 'in_width': 84, 'fc_layers': 1, 'train_start': 50000.0, 'discount': 0.99, 'test_freq': 250000.0, 'color_avg': True, 'eps': 1.0, 'fc_units': [512], u'seed': 750074495, 'target_sync': 10000.0, 'update_freq': 4}
0 0.0
250000 225.384615385
500000 220.869565217
750000 490.0
1000000 128.484848485
1250000 378.666666667
1500000 213.636363636
1750000 180.833333333
2000000 232.380952381
2250000 305.714285714
2500000 280.909090909
2750000 445.333333333
3000000 513.846153846
3250000 454.444444444
3500000 262.5
3750000 250.434782609
4000000 501.25
4250000 351.666666667
4500000 438.75
4750000 271.578947368
5000000 1064.61538462
5250000 552.380952381
5500000 1335.38461538
5750000 549.523809524
6000000 696.0
6250000 1204.28571429
6500000 1158.57142857
6750000 1095.71428571
7000000 1020.0
7250000 882.352941176
7500000 2028.0
7750000 596.0
8000000 2118.0
8250000 1663.63636364
8500000 1738.18181818
8750000 1551.66666667
9000000 821.052631579
9250000 1310.0
9500000 1469.23076923
9750000 1827.27272727
10000000 663.636363636
10250000 1137.14285714
10500000 1490.0
10750000 1032.5
11000000 835.555555556
11250000 1996.0
11500000 1146.25
11750000 1545.0
12000000 935.294117647
12250000 1546.66666667
12500000 1936.36363636
12750000 1852.72727273
13000000 958.823529412
13250000 620.0
13500000 697.777777778
13750000 970.0
14000000 1077.14285714
14250000 1436.92307692
14500000 1409.23076923
14750000 1472.30769231
15000000 988.235294118
15250000 797.777777778
15500000 924.444444444
15750000 1444.61538462
16000000 1361.42857143
16250000 1461.53846154
16500000 1085.71428571
16750000 1350.76923077
17000000 1575.0
17250000 464.545454545
17500000 1648.33333333
17750000 1096.0
18000000 1201.42857143
18250000 1505.0
18500000 563.0
18750000 1746.0
19000000 646.0
19250000 1124.28571429
19500000 1484.61538462
19750000 2275.55555556
20000000 1668.33333333
20250000 1607.27272727
20500000 1818.18181818
20750000 1427.14285714
21000000 1214.28571429
21250000 747.777777778
21500000 1197.14285714
21750000 1962.0
22000000 894.285714286
22250000 354.814814815
22500000 1956.0
22750000 1571.66666667
23000000 1585.0
23250000 1132.85714286
23500000 700.0
23750000 1910.90909091
24000000 616.52173913
24250000 1655.0
24500000 1475.0
24750000 2198.0
25000000 1950.0
25250000 985.333333333
25500000 2896.0
25750000 1571.66666667
26000000 2209.09090909
26250000 737.647058824
26500000 1098.66666667
26750000 1918.18181818
27000000 1348.33333333
27250000 472.0
27500000 2227.27272727
27750000 844.705882353
28000000 2162.0
28250000 2000.0
28500000 1566.15384615
28750000 1012.30769231
29000000 1489.23076923
29250000 1965.83333333
29500000 1406.25
29750000 812.222222222
30000000 1496.92307692
30250000 2127.69230769
30500000 1562.85714286
30750000 854.444444444
31000000 1820.0
31250000 1108.75
31500000 1640.0
31750000 1240.0
32000000 1153.75
32250000 2606.66666667
32500000 1192.30769231
32750000 1866.0
33000000 1538.57142857
33250000 1723.07692308
33500000 1581.53846154
33750000 815.294117647
34000000 2263.07692308
34250000 1555.0
34500000 1274.28571429
34750000 3557.77777778
35000000 1123.07692308
35250000 2673.33333333
35500000 2510.0
35750000 2613.33333333
36000000 1310.66666667
36250000 1049.41176471
36500000 426.4
36750000 3711.11111111
37000000 1336.47058824
37250000 3478.0
37500000 2390.90909091
37750000 2525.0
38000000 2087.27272727
38250000 3558.0
38500000 3880.0
38750000 384.545454545
39000000 1394.66666667
39250000 2018.46153846
39500000 2870.90909091
39750000 1687.5
40000000 2349.23076923
40250000 2969.09090909
40500000 510.526315789
40750000 2620.0
41000000 2446.15384615
41250000 746.666666667
41500000 2060.0
41750000 2416.66666667
42000000 1543.33333333
42250000 2692.30769231
42500000 2284.61538462
42750000 2874.54545455
43000000 3650.0
43250000 2645.0
43500000 1985.0
43750000 3450.90909091
44000000 1082.66666667
44250000 872.222222222
44500000 1570.66666667
44750000 2798.18181818
45000000 2860.0
45250000 3634.0
45500000 2835.0
45750000 4264.44444444
46000000 1360.0
46250000 3826.0
46500000 3367.27272727
46750000 2161.66666667
47000000 1715.71428571
47250000 2578.33333333
47500000 2415.0
47750000 2533.84615385
48000000 909.333333333
48250000 2058.46153846
48500000 2383.33333333
48750000 3225.45454545
49000000 2880.0
49250000 2092.72727273
49500000 3298.18181818
49750000 2956.36363636
