#{'repeat_prob': 0.0, 'tensorboard_freq': 50, 'opt_decay': 0.95, 'ckpt': 0, 'train_frames': 50000000.0, 'frame_skip': 4, 'tensorboard': False, 'conv_units': [32, 64, 64], 'test_frames': 50000.0, 'in_height': 84, 'hist_size': 1000000.0, 'rom_name': u'breakout', 'rom_path': u'../ale-git/roms/', 'conv_layers': 3, 'display_screen': False, 'random_start': 30, 'filter_sizes': [8, 4, 3], 'clip_delta': 1.0, 'lr': 0.00025, 'eps_min': 0.1, 'opt_eps': 0.01, 'momentum': 0.0, 'state_frames': 4, 'random_seed': 942, 'batch_size': 32, 'strides': [4, 2, 1], 'device': u'/gpu:0', 'eps_decay': 9e-07, 'in_width': 84, 'fc_layers': 1, 'train_start': 50000.0, 'discount': 0.99, 'test_freq': 250000.0, 'color_avg': True, 'eps': 1.0, 'fc_units': [512], u'seed': 648482320, 'target_sync': 10000.0, 'update_freq': 4}
0 0.4375
250000 10.2631578947
500000 3.13913043478
750000 11.0789473684
1000000 11.4818181818
1250000 19.4285714286
1500000 24.2957746479
1750000 28.2153846154
2000000 37.6545454545
2250000 32.9830508475
2500000 57.1818181818
2750000 53.8409090909
3000000 51.829787234
3250000 65.0243902439
3500000 56.8222222222
3750000 68.05
4000000 90.1621621622
4250000 108.945945946
4500000 87.8
4750000 77.6923076923
5000000 93.6666666667
5250000 166.294117647
5500000 146.705882353
5750000 63.085106383
6000000 131.272727273
6250000 153.970588235
6500000 197.967741935
6750000 183.0625
7000000 23.3157894737
7250000 144.529411765
7500000 210.032258065
7750000 116.578947368
8000000 166.757575758
8250000 120.368421053
8500000 158.827586207
8750000 172.352941176
9000000 86.1875
9250000 230.096774194
9500000 209.15625
9750000 132.305555556
10000000 235.666666667
10250000 117.194444444
10500000 109.2
10750000 147.028571429
11000000 41.0588235294
11250000 135.594594595
11500000 185.75
11750000 131.184210526
12000000 69.3958333333
12250000 76.7291666667
12500000 113.697674419
12750000 124.027027027
13000000 113.813953488
13250000 269.793103448
13500000 230.03030303
13750000 105.527777778
14000000 168.193548387
14250000 213.90625
14500000 252.870967742
14750000 241.125
15000000 210.486486486
15250000 268.642857143
15500000 216.15625
15750000 216.914285714
16000000 236.8
16250000 242.818181818
16500000 194.447368421
16750000 94.5641025641
17000000 276.827586207
17250000 248.419354839
17500000 305.933333333
17750000 227.5625
18000000 145.470588235
18250000 321.655172414
18500000 204.378378378
18750000 271.714285714
19000000 324.032258065
19250000 230.0
19500000 219.657142857
19750000 253.272727273
20000000 136.75
20250000 213.575757576
20500000 271.470588235
20750000 283.171428571
21000000 308.96875
21250000 258.4
21500000 253.121212121
21750000 281.297297297
22000000 255.0
22250000 246.444444444
22500000 244.916666667
22750000 302.088235294
23000000 244.361111111
23250000 315.9375
23500000 225.166666667
23750000 202.275
24000000 219.195121951
24250000 132.66
24500000 281.666666667
24750000 276.222222222
25000000 213.297297297
25250000 259.692307692
25500000 314.25
25750000 212.255319149
26000000 269.5
26250000 293.945945946
26500000 285.078947368
26750000 329.973684211
27000000 301.783783784
27250000 286.894736842
27500000 275.914285714
27750000 184.133333333
28000000 252.105263158
28250000 217.5
28500000 345.46875
28750000 280.135135135
29000000 307.305555556
29250000 274.837209302
29500000 246.19047619
29750000 315.368421053
30000000 251.11627907
30250000 255.976190476
30500000 315.948717949
30750000 71.6376811594
31000000 52.3428571429
31250000 331.921052632
31500000 344.8
31750000 345.588235294
32000000 72.3728813559
32250000 271.578947368
32500000 330.8
32750000 308.414634146
33000000 340.28125
33250000 320.073170732
33500000 243.170731707
33750000 268.558139535
34000000 272.975
34250000 221.466666667
34500000 292.048780488
34750000 290.769230769
35000000 225.162790698
35250000 304.27027027
35500000 182.270833333
35750000 274.333333333
36000000 258.090909091
