#{'repeat_prob': 0.0, 'tensorboard_freq': 50, 'opt_decay': 0.95, 'ckpt': 0, 'train_frames': 50000000.0, 'frame_skip': 4, 'tensorboard': False, 'conv_units': [32, 64, 64], 'test_frames': 50000.0, 'in_height': 84, 'hist_size': 1000000.0, 'rom_name': u'riverraid', 'rom_path': u'../ale-git/roms/', 'conv_layers': 3, 'display_screen': False, 'random_start': 30, 'filter_sizes': [8, 4, 3], 'clip_delta': 1.0, 'lr': 0.00025, 'eps_min': 0.1, 'opt_eps': 0.01, 'momentum': 0.0, 'state_frames': 4, 'random_seed': 942, 'batch_size': 32, 'strides': [4, 2, 1], 'device': u'/gpu:0', 'eps_decay': 9e-07, 'in_width': 84, 'fc_layers': 1, 'train_start': 50000.0, 'discount': 0.99, 'test_freq': 250000.0, 'color_avg': True, 'eps': 1.0, 'fc_units': [512], u'seed': 532684043, 'target_sync': 10000.0, 'update_freq': 4}
0 831.646341463
250000 1173.20754717
500000 290.756302521
750000 1911.09589041
1000000 1825.95238095
1250000 1235.92105263
1500000 1596.63043478
1750000 2581.21212121
2000000 2642.68292683
2250000 2942.12765957
2500000 2708.0
2750000 2868.91304348
3000000 1895.24390244
3250000 3015.68965517
3500000 3162.0
3750000 2980.0
4000000 2883.62318841
4250000 2903.52112676
4500000 3328.63636364
4750000 3358.73015873
5000000 3372.71428571
5250000 3442.25
5500000 3633.10344828
5750000 4033.47826087
6000000 5320.0
6250000 348.465909091
6500000 5109.8
6750000 4627.70833333
7000000 5613.26923077
7250000 5661.45454545
7500000 5591.28205128
7750000 5868.40909091
8000000 4153.5
8250000 6209.8
8500000 6180.35714286
8750000 5629.18367347
9000000 6192.19512195
9250000 6489.73684211
9500000 6619.77777778
9750000 6928.33333333
10000000 5564.16666667
10250000 6379.72972973
10500000 6491.4893617
10750000 6877.0
11000000 7738.44444444
11250000 7146.34615385
11500000 4351.53846154
11750000 6684.34782609
12000000 7650.0
12250000 7136.57894737
12500000 7570.23809524
12750000 5553.55555556
13000000 7728.88888889
13250000 7911.0
13500000 7254.89795918
13750000 6220.95238095
14000000 7340.0
14250000 3911.36363636
14500000 6577.25
14750000 6178.94736842
15000000 5544.57142857
15250000 8196.41025641
15500000 7809.51219512
15750000 8340.0
16000000 7659.13043478
16250000 6390.68181818
16500000 7969.21052632
16750000 7908.8372093
17000000 7163.0
17250000 6898.6
17500000 8403.80952381
17750000 8084.87804878
18000000 8007.75
18250000 6785.6097561
18500000 8323.90243902
18750000 8877.31707317
19000000 8391.25
19250000 8074.73684211
19500000 7764.73684211
19750000 7660.78947368
20000000 8511.84210526
20250000 8061.05263158
20500000 7280.51282051
20750000 8001.94444444
21000000 8137.56756757
21250000 7604.0
21500000 6704.6
21750000 9409.45945946
22000000 8385.0
22250000 9012.89473684
22500000 9125.55555556
22750000 8596.42857143
23000000 7621.08695652
23250000 8226.66666667
23500000 7810.27777778
23750000 7082.5
24000000 8202.35294118
24250000 7913.33333333
24500000 7743.33333333
24750000 6372.55319149
25000000 5514.80769231
25250000 9092.10526316
25500000 8366.76470588
25750000 7121.5625
26000000 9069.47368421
26250000 6693.7254902
26500000 7535.58139535
26750000 7019.02439024
27000000 7570.0
27250000 8617.36842105
27500000 7247.5
27750000 9242.56410256
28000000 6002.77777778
28250000 6861.5
28500000 9123.42857143
28750000 7882.04545455
29000000 8720.97560976
29250000 8067.85714286
29500000 7534.88372093
29750000 6950.43478261
30000000 8089.14285714
30250000 8065.52631579
30500000 9850.90909091
30750000 7630.69767442
31000000 9056.05263158
31250000 8642.82051282
31500000 7653.68421053
31750000 8481.0
32000000 8495.8974359
32250000 8306.41025641
32500000 9055.94594595
32750000 7699.31034483
33000000 8249.52380952
33250000 8922.7027027
33500000 8614.87804878
33750000 6423.95348837
34000000 5975.59322034
34250000 8569.06976744
34500000 8067.5
34750000 7989.7826087
35000000 5605.0
35250000 8074.59459459
35500000 6717.9245283
35750000 8513.69565217
36000000 8709.48717949
36250000 8120.0
36500000 7660.83333333
36750000 7440.0
37000000 6915.43478261
37250000 6955.41666667
37500000 9247.71428571
37750000 8381.39534884
38000000 7936.66666667
38250000 8832.75
38500000 7714.16666667
38750000 7660.68181818
39000000 6319.41176471
39250000 7993.61702128
39500000 8414.86486486
39750000 4230.75757576
40000000 7733.94736842
40250000 6848.69565217
40500000 8656.66666667
40750000 7629.26829268
41000000 7447.02702703
41250000 5720.81081081
41500000 9638.61111111
41750000 6562.57142857
42000000 9049.39393939
42250000 8425.0
42500000 8809.21052632
42750000 7410.25
43000000 7868.7804878
43250000 7305.48387097
43500000 7851.11111111
43750000 8160.29411765
44000000 8349.25
44250000 8218.61111111
44500000 7817.23404255
44750000 7832.82051282
45000000 6445.36585366
45250000 8490.55555556
45500000 7325.29411765
45750000 6299.44444444
46000000 8861.17647059
46250000 7752.19512195
46500000 4381.79487179
46750000 8107.17948718
47000000 8730.54054054
47250000 3456.71052632
47500000 7331.02564103
47750000 6854.54545455
48000000 7274.0
48250000 8071.94444444
48500000 7735.0
48750000 8386.22222222
49000000 6621.17647059
49250000 8083.65853659
49500000 8226.66666667
49750000 7421.35135135
