#{'repeat_prob': 0.0, 'tensorboard_freq': 50, 'opt_decay': 0.95, 'ckpt': 0, 'train_frames': 50000000.0, 'frame_skip': 4, 'tensorboard': False, 'conv_units': [32, 64, 64], 'test_frames': 50000.0, 'in_height': 84, 'hist_size': 1000000.0, 'rom_name': u'breakout', 'rom_path': u'../ale-git/roms/', 'conv_layers': 3, 'display_screen': False, 'random_start': 30, 'filter_sizes': [8, 4, 3], 'clip_delta': 1.0, 'lr': 0.00025, 'eps_min': 0.1, 'opt_eps': 0.01, 'momentum': 0.0, 'state_frames': 4, 'random_seed': 942, 'batch_size': 32, 'strides': [4, 2, 1], 'device': u'/gpu:0', 'eps_decay': 9e-07, 'in_width': 84, 'fc_layers': 1, 'train_start': 50000.0, 'discount': 0.99, 'test_freq': 250000.0, 'color_avg': True, 'eps': 1.0, 'fc_units': [512], u'seed': 765984845, 'target_sync': 10000.0, 'update_freq': 4}
0 0.287234042553
250000 0.479166666667
500000 3.125
750000 6.79274611399
1000000 13.9421487603
1250000 17.8876404494
1500000 21.5555555556
1750000 16.0235294118
2000000 32.5483870968
2250000 40.25
2500000 33.65
2750000 59.7619047619
3000000 55.8604651163
3250000 75.2162162162
3500000 93.3611111111
3750000 32.9642857143
4000000 106.027027027
4250000 129.314285714
4500000 60.6875
4750000 152.03030303
5000000 97.6486486486
5250000 125.542857143
5500000 177.53125
5750000 70.8409090909
6000000 132.5
6250000 162.75
6500000 194.451612903
6750000 175.205882353
7000000 208.032258065
7250000 199.870967742
7500000 221.032258065
7750000 189.060606061
8000000 212.838709677
8250000 231.0
8500000 282.111111111
8750000 225.548387097
9000000 260.965517241
9250000 222.928571429
9500000 245.068965517
9750000 151.783783784
10000000 254.571428571
10250000 253.678571429
10500000 234.413793103
10750000 58.9555555556
11000000 284.538461538
11250000 218.0
11500000 246.586206897
11750000 65.85
12000000 305.296296296
12250000 206.303030303
12500000 285.428571429
12750000 249.214285714
13000000 272.24137931
13250000 190.03125
13500000 127.717948718
13750000 206.857142857
14000000 201.483870968
14250000 143.351351351
14500000 203.266666667
14750000 161.305555556
15000000 260.0
15250000 194.833333333
15500000 216.515151515
15750000 298.884615385
16000000 261.214285714
16250000 275.785714286
16500000 226.625
16750000 245.838709677
17000000 261.333333333
17250000 280.166666667
17500000 142.069767442
17750000 253.607142857
18000000 189.142857143
18250000 196.111111111
18500000 130.615384615
18750000 191.272727273
19000000 200.666666667
19250000 245.333333333
19500000 199.852941176
19750000 284.214285714
20000000 285.967741935
20250000 240.59375
20500000 268.272727273
20750000 207.416666667
21000000 255.888888889
21250000 72.3846153846
21500000 210.777777778
21750000 221.527777778
22000000 154.179487179
22250000 209.897435897
22500000 173.136363636
22750000 257.542857143
23000000 198.230769231
23250000 201.722222222
23500000 260.184210526
23750000 217.184210526
24000000 211.595238095
24250000 148.612244898
24500000 207.875
24750000 191.617021277
25000000 274.314285714
25250000 153.5625
25500000 197.170731707
25750000 233.921052632
26000000 222.538461538
26250000 206.068181818
26500000 203.270833333
26750000 210.390243902
27000000 184.613636364
27250000 222.512195122
27500000 218.755555556
27750000 108.839285714
28000000 211.413043478
28250000 164.14893617
28500000 159.098039216
28750000 277.418604651
29000000 193.533333333
29250000 200.568181818
29500000 231.85
29750000 251.522727273
30000000 175.787234043
30250000 229.068181818
30500000 254.025641026
30750000 225.382978723
31000000 255.913043478
31250000 191.698113208
31500000 133.964912281
31750000 202.25
32000000 235.85106383
32250000 226.808510638
32500000 201.571428571
32750000 226.666666667
33000000 221.06122449
33250000 283.071428571
33500000 251.090909091
33750000 224.282608696
34000000 303.457142857
34250000 228.166666667
34500000 275.666666667
34750000 247.065217391
35000000 151.166666667
35250000 271.488372093
35500000 227.543478261
35750000 233.4
36000000 208.404255319
36250000 43.4626865672
36500000 231.76
36750000 229.272727273
37000000 196.927272727
37250000 280.073170732
37500000 235.428571429
37750000 272.076923077
38000000 247.255813953
38250000 253.302325581
38500000 299.128205128
38750000 154.894736842
39000000 227.652173913
39250000 165.764705882
39500000 232.488372093
39750000 322.05
40000000 233.0
40250000 139.655172414
40500000 241.4
40750000 156.886792453
41000000 264.111111111
41250000 288.95
41500000 175.0
41750000 249.377777778
42000000 284.463414634
42250000 158.684210526
42500000 162.367346939
42750000 201.705882353
43000000 226.84
43250000 214.14
43500000 249.288461538
43750000 267.047619048
44000000 274.813953488
44250000 225.130434783
44500000 260.418604651
44750000 280.142857143
45000000 270.666666667
45250000 257.186046512
45500000 286.465116279
45750000 179.645833333
46000000 303.488372093
46250000 188.52
46500000 275.622222222
46750000 246.470588235
47000000 281.071428571
47250000 188.549019608
47500000 209.545454545
47750000 282.780487805
48000000 156.315789474
48250000 238.408163265
48500000 210.396226415
48750000 272.547619048
49000000 264.11627907
49250000 239.066666667
49500000 229.913043478
49750000 242.957446809
