#{'repeat_prob': 0.0, 'tensorboard_freq': 50, 'opt_decay': 0.95, 'ckpt': 0, 'train_frames': 50000000.0, 'frame_skip': 4, 'tensorboard': False, 'conv_units': [32, 64, 64], 'test_frames': 50000.0, 'in_height': 84, 'hist_size': 1000000.0, 'rom_name': u'seaquest', 'rom_path': u'../ale-git/roms/', 'conv_layers': 3, 'display_screen': False, 'random_start': 30, 'filter_sizes': [8, 4, 3], 'clip_delta': 1.0, 'lr': 0.00025, 'eps_min': 0.1, 'opt_eps': 0.01, 'momentum': 0.0, 'state_frames': 4, 'random_seed': 942, 'batch_size': 32, 'strides': [4, 2, 1], 'device': u'/gpu:0', 'eps_decay': 9e-07, 'in_width': 84, 'fc_layers': 1, 'train_start': 50000.0, 'discount': 0.99, 'test_freq': 250000.0, 'color_avg': True, 'eps': 1.0, 'fc_units': [512], u'seed': 898293935, 'target_sync': 10000.0, 'update_freq': 4}
0 73.3333333333
250000 186.376811594
500000 165.762711864
750000 246.382978723
1000000 353.333333333
1250000 331.489361702
1500000 117.192982456
1750000 236.086956522
2000000 315.5
2250000 179.069767442
2500000 378.095238095
2750000 530.625
3000000 269.361702128
3250000 241.967213115
3500000 323.720930233
3750000 468.095238095
4000000 492.380952381
4250000 213.225806452
4500000 345.957446809
4750000 357.209302326
5000000 583.181818182
5250000 1130.0
5500000 870.0
5750000 495.555555556
6000000 327.076923077
6250000 784.666666667
6500000 1345.33333333
6750000 986.111111111
7000000 190.12987013
7250000 1121.76470588
7500000 1210.0
7750000 888.648648649
8000000 1467.74193548
8250000 808.108108108
8500000 1963.07692308
8750000 1576.0
9000000 906.046511628
9250000 512.580645161
9500000 1416.0
9750000 615.918367347
10000000 1606.66666667
10250000 1574.19354839
10500000 1169.14285714
10750000 1386.66666667
11000000 2061.6
11250000 1138.42105263
11500000 690.769230769
11750000 320.0
12000000 2182.5
12250000 1187.42857143
12500000 1090.27027027
12750000 778.039215686
13000000 911.111111111
13250000 1428.48484848
13500000 1217.14285714
13750000 215.476190476
14000000 1088.20512821
14250000 710.416666667
14500000 1627.85714286
14750000 1434.54545455
15000000 1478.18181818
15250000 565.714285714
15500000 1318.23529412
15750000 2068.0
16000000 1719.31034483
16250000 1065.71428571
16500000 1798.88888889
16750000 1215.29411765
17000000 2037.69230769
17250000 1816.92307692
17500000 1948.0
17750000 2189.16666667
18000000 1966.15384615
18250000 1257.5
18500000 1733.07692308
18750000 1518.06451613
19000000 1073.5483871
19250000 1085.94594595
19500000 1393.52941176
19750000 1018.33333333
20000000 1424.0
20250000 1848.88888889
20500000 2395.65217391
20750000 2446.08695652
21000000 2230.76923077
21250000 1525.18518519
21500000 2007.85714286
21750000 874.285714286
22000000 2028.46153846
22250000 1985.0
22500000 2709.16666667
22750000 2527.69230769
23000000 2316.0
23250000 1003.5
23500000 2599.2
23750000 1224.0
24000000 893.888888889
24250000 1679.33333333
24500000 2268.0
24750000 1866.20689655
25000000 1230.3030303
25250000 2180.71428571
25500000 430.566037736
25750000 330.869565217
26000000 1110.0
26250000 1543.125
26500000 1461.17647059
26750000 1883.44827586
27000000 1642.42424242
27250000 1301.76470588
27500000 2046.85714286
27750000 746.341463415
28000000 1641.08108108
28250000 1400.0
28500000 2525.33333333
28750000 1159.09090909
29000000 1538.78787879
29250000 2117.71428571
29500000 1455.42857143
29750000 1065.33333333
30000000 2338.75
30250000 3359.2
30500000 1426.875
30750000 2000.0
31000000 2782.85714286
31250000 1828.64864865
31500000 2206.89655172
31750000 2165.88235294
32000000 1894.375
32250000 2304.0
32500000 1614.11764706
32750000 1074.83870968
33000000 2083.03030303
33250000 1367.36842105
33500000 3292.85714286
33750000 2113.75
34000000 3130.0
34250000 1128.16326531
34500000 3083.33333333
34750000 2001.71428571
35000000 2282.94117647
35250000 719.555555556
35500000 1256.57142857
35750000 1173.5
