#{'repeat_prob': 0.0, 'tensorboard_freq': 50, 'opt_decay': 0.95, 'ckpt': 0, 'train_frames': 50000000.0, 'frame_skip': 4, 'tensorboard': False, 'conv_units': [32, 64, 64], 'test_frames': 50000.0, 'in_height': 84, 'hist_size': 1000000.0, 'rom_name': u'breakout', 'rom_path': u'../ale-git/roms/', 'conv_layers': 3, 'display_screen': False, 'random_start': 30, 'filter_sizes': [8, 4, 3], 'clip_delta': 1.0, 'lr': 0.00025, 'eps_min': 0.1, 'opt_eps': 0.01, 'momentum': 0.0, 'state_frames': 4, 'random_seed': 942, 'batch_size': 32, 'strides': [4, 2, 1], 'device': u'/gpu:0', 'eps_decay': 9e-07, 'in_width': 84, 'fc_layers': 1, 'train_start': 50000.0, 'discount': 0.99, 'test_freq': 250000.0, 'color_avg': True, 'eps': 1.0, 'fc_units': [512], u'seed': 523601548, 'target_sync': 10000.0, 'update_freq': 4}
0 0.282608695652
250000 7.39189189189
500000 3.60377358491
750000 8.02054794521
1000000 17.9090909091
1250000 18.6436781609
1500000 22.5
1750000 23.2236842105
2000000 29.8888888889
2250000 33.8793103448
2500000 46.9591836735
2750000 37.6274509804
3000000 55.1860465116
3250000 60.380952381
3500000 77.5
3750000 87.2432432432
4000000 70.9512195122
4250000 68.5581395349
4500000 33.3333333333
4750000 120.861111111
5000000 103.470588235
5250000 132.441176471
5500000 57.2222222222
5750000 109.285714286
6000000 36.3684210526
6250000 104.210526316
6500000 105.473684211
6750000 142.676470588
7000000 161.424242424
7250000 78.0465116279
7500000 19.6388888889
7750000 99.1891891892
8000000 85.4054054054
8250000 90.1282051282
8500000 75.2954545455
8750000 105.157894737
9000000 178.176470588
9250000 127.486486486
9500000 227.903225806
9750000 120.170731707
10000000 77.6363636364
10250000 224.827586207
10500000 123.289473684
10750000 204.71875
11000000 233.4
11250000 182.382352941
11500000 178.852941176
11750000 170.171428571
12000000 229.0
12250000 115.605263158
12500000 228.125
12750000 159.102564103
13000000 201.5
13250000 296.0
13500000 272.6
13750000 100.857142857
14000000 167.864864865
14250000 260.310344828
14500000 174.176470588
14750000 252.096774194
15000000 197.647058824
15250000 262.533333333
15500000 105.761904762
15750000 200.71875
16000000 193.875
16250000 233.516129032
16500000 233.903225806
16750000 240.655172414
17000000 264.285714286
17250000 211.823529412
17500000 253.5
17750000 110.641025641
18000000 259.75
18250000 155.447368421
18500000 241.838709677
18750000 190.666666667
19000000 196.513513514
19250000 193.125
19500000 96.7346938776
19750000 239.628571429
20000000 260.470588235
20250000 263.1
20500000 175.844444444
20750000 218.138888889
21000000 138.744186047
21250000 228.351351351
21500000 171.093023256
21750000 196.243243243
22000000 26.1408450704
22250000 227.161290323
22500000 224.0
22750000 178.097560976
23000000 299.96969697
23250000 296.428571429
23500000 219.705882353
23750000 294.806451613
24000000 142.52173913
24250000 258.931034483
24500000 176.952380952
24750000 251.28125
25000000 269.323529412
25250000 222.333333333
25500000 276.689655172
25750000 217.4
26000000 243.558823529
26250000 184.465116279
26500000 237.0
26750000 274.966666667
27000000 134.295454545
27250000 270.2
27500000 295.617647059
27750000 290.942857143
28000000 221.5
28250000 324.225806452
28500000 247.457142857
28750000 258.363636364
29000000 283.75
29250000 237.342105263
29500000 257.615384615
29750000 97.0625
30000000 149.826086957
30250000 179.56097561
30500000 118.377358491
30750000 250.611111111
31000000 203.675
31250000 212.744186047
31500000 212.619047619
31750000 252.194444444
32000000 244.923076923
32250000 250.861111111
32500000 225.769230769
32750000 232.486486486
33000000 220.634146341
33250000 267.075
33500000 206.868421053
33750000 184.75
34000000 251.95
34250000 193.666666667
34500000 244.209302326
34750000 252.974358974
35000000 162.777777778
35250000 286.081081081
35500000 238.7
35750000 268.125
36000000 187.704545455
36250000 280.825
36500000 291.388888889
36750000 227.071428571
37000000 177.729166667
37250000 200.4
37500000 181.113636364
37750000 248.625
38000000 222.142857143
38250000 202.512195122
38500000 169.6
38750000 249.975609756
39000000 217.525
39250000 202.5
39500000 264.076923077
39750000 133.489361702
40000000 291.972972973
40250000 211.770833333
40500000 288.682926829
40750000 175.181818182
41000000 287.613636364
41250000 178.235294118
41500000 237.590909091
41750000 161.625
42000000 156.1875
42250000 253.487804878
42500000 282.394736842
42750000 208.720930233
43000000 299.024390244
43250000 165.960784314
43500000 225.844444444
43750000 306.692307692
44000000 274.476190476
44250000 297.444444444
44500000 263.476190476
44750000 155.75
45000000 224.159090909
45250000 220.6
45500000 142.730769231
45750000 296.357142857
46000000 280.0
46250000 194.136363636
46500000 158.705882353
46750000 272.06
47000000 240.346938776
47250000 214.111111111
47500000 304.688888889
47750000 296.304347826
48000000 254.906976744
48250000 282.510204082
48500000 317.894736842
48750000 269.87755102
49000000 315.619047619
49250000 310.822222222
49500000 258.84
49750000 263.057692308
