#{'repeat_prob': 0.0, 'tensorboard_freq': 50, 'opt_decay': 0.95, 'ckpt': 0, 'train_frames': 50000000.0, 'frame_skip': 4, 'tensorboard': False, 'conv_units': [32, 64, 64], 'test_frames': 50000.0, 'in_height': 84, 'hist_size': 1000000.0, 'rom_name': u'frostbite', 'rom_path': u'../ale-git/roms/', 'conv_layers': 3, 'display_screen': False, 'random_start': 30, 'filter_sizes': [8, 4, 3], 'clip_delta': 1.0, 'lr': 0.00025, 'eps_min': 0.1, 'opt_eps': 0.01, 'momentum': 0.0, 'state_frames': 4, 'random_seed': 942, 'batch_size': 32, 'strides': [4, 2, 1], 'device': u'/gpu:0', 'eps_decay': 9e-07, 'in_width': 84, 'fc_layers': 1, 'train_start': 50000.0, 'discount': 0.99, 'test_freq': 250000.0, 'color_avg': True, 'eps': 1.0, 'fc_units': [512], u'seed': 537578492, 'target_sync': 10000.0, 'update_freq': 4}
0 86.0256410256
250000 140.578512397
500000 228.787878788
750000 221.376146789
1000000 229.633027523
1250000 203.047619048
1500000 245.957446809
1750000 270.208333333
2000000 195.514705882
2250000 212.247191011
2500000 242.110091743
2750000 144.596774194
3000000 341.063829787
3250000 169.739130435
3500000 37.8343949045
3750000 184.886363636
4000000 164.186046512
4250000 109.596774194
4500000 135.975609756
4750000 53.5849056604
5000000 170.714285714
5250000 147.938931298
5500000 178.101265823
5750000 141.797752809
6000000 195.760869565
6250000 100.738255034
6500000 122.876712329
6750000 146.746031746
7000000 66.4615384615
7250000 219.680851064
7500000 195.416666667
7750000 199.529411765
8000000 469.512195122
8250000 254.322033898
8500000 169.615384615
8750000 314.684684685
9000000 155.454545455
9250000 159.518072289
9500000 190.652173913
9750000 185.590551181
10000000 139.772727273
10250000 156.285714286
10500000 196.756756757
10750000 193.495145631
11000000 145.133333333
11250000 71.652173913
11500000 237.613636364
11750000 153.23943662
12000000 186.235294118
12250000 167.610619469
12500000 151.833333333
12750000 154.838709677
13000000 186.263736264
13250000 246.666666667
13500000 153.265306122
13750000 166.571428571
14000000 161.25
14250000 179.0
14500000 162.195121951
14750000 160.161290323
15000000 144.893617021
15250000 126.19047619
15500000 229.157894737
15750000 136.666666667
16000000 150.119047619
16250000 151.696428571
16500000 161.770833333
16750000 307.7
17000000 161.573033708
17250000 131.020408163
17500000 144.0625
17750000 114.903846154
18000000 59.587628866
18250000 81.7361111111
18500000 136.642335766
18750000 530.659340659
19000000 98.3458646617
19250000 101.0
19500000 125.267175573
19750000 95.6
20000000 154.513274336
20250000 96.5648854962
20500000 103.977272727
20750000 178.28358209
21000000 117.5
21250000 162.711864407
21500000 132.089552239
21750000 399.80952381
22000000 115.915492958
22250000 176.595744681
22500000 147.870967742
22750000 182.075471698
23000000 181.681415929
23250000 162.739726027
23500000 142.518518519
23750000 200.769230769
24000000 160.117647059
24250000 292.117647059
24500000 197.433628319
24750000 77.9439252336
25000000 205.181818182
25250000 361.666666667
25500000 192.380952381
25750000 188.62745098
26000000 384.8
26250000 247.475728155
26500000 165.535714286
26750000 222.988505747
27000000 751.692307692
27250000 208.16091954
27500000 646.075949367
27750000 179.596774194
28000000 300.273972603
28250000 452.804878049
28500000 267.636363636
28750000 194.0625
29000000 172.75862069
29250000 173.838383838
29500000 140.476190476
29750000 180.0
30000000 149.230769231
30250000 151.744186047
30500000 149.112903226
30750000 172.272727273
31000000 86.8125
31250000 137.672413793
31500000 102.348993289
31750000 113.116883117
32000000 215.0
32250000 142.093023256
32500000 172.268041237
32750000 96.5048543689
33000000 151.415929204
33250000 148.673469388
33500000 92.4
33750000 161.428571429
34000000 147.142857143
34250000 266.18556701
34500000 254.385964912
34750000 155.0
35000000 193.333333333
35250000 166.481481481
35500000 162.727272727
35750000 233.617021277
36000000 165.0
36250000 147.037037037
36500000 178.157894737
36750000 184.476190476
37000000 205.3
37250000 195.714285714
37500000 257.171717172
37750000 254.234234234
38000000 268.383838384
38250000 261.5
38500000 208.372093023
38750000 169.108910891
39000000 193.0
39250000 242.413793103
39500000 297.943925234
39750000 191.228070175
40000000 157.62962963
40250000 152.397260274
40500000 125.111111111
40750000 222.118644068
41000000 137.803030303
41250000 206.181818182
41500000 195.254237288
41750000 148.492063492
42000000 223.909090909
42250000 183.47107438
42500000 248.434782609
42750000 255.882352941
43000000 195.858585859
43250000 197.766990291
43500000 207.768595041
43750000 187.425742574
44000000 188.813559322
44250000 218.165137615
44500000 199.545454545
44750000 188.333333333
45000000 187.35042735
45250000 204.715447154
45500000 225.0
45750000 215.454545455
46000000 189.230769231
46250000 147.642276423
46500000 138.928571429
46750000 382.315789474
47000000 173.675213675
47250000 165.377358491
47500000 166.050420168
47750000 350.808080808
48000000 154.782608696
48250000 432.121212121
48500000 179.587628866
48750000 156.466165414
49000000 232.5
49250000 257.927927928
49500000 191.923076923
49750000 184.083333333
