#{'repeat_prob': 0.0, 'tensorboard_freq': 50, 'opt_decay': 0.95, 'ckpt': 0, 'train_frames': 50000000.0, 'frame_skip': 4, 'tensorboard': False, 'conv_units': [32, 64, 64], 'test_frames': 50000.0, 'in_height': 84, 'hist_size': 1000000.0, 'rom_name': u'breakout', 'rom_path': u'../ale-git/roms/', 'conv_layers': 3, 'display_screen': False, 'random_start': 30, 'filter_sizes': [8, 4, 3], 'clip_delta': 1.0, 'lr': 0.00025, 'eps_min': 0.1, 'opt_eps': 0.01, 'momentum': 0.0, 'state_frames': 4, 'random_seed': 942, 'batch_size': 32, 'strides': [4, 2, 1], 'device': u'/gpu:0', 'eps_decay': 9e-07, 'in_width': 84, 'fc_layers': 1, 'train_start': 50000.0, 'discount': 0.99, 'test_freq': 250000.0, 'color_avg': True, 'eps': 1.0, 'fc_units': [512], u'seed': 389699013, 'target_sync': 10000.0, 'update_freq': 4}
0 0.402298850575
250000 2.99489795918
500000 3.03846153846
750000 6.93820224719
1000000 14.8828828829
1250000 14.9134615385
1500000 17.4456521739
1750000 26.0298507463
2000000 32.6
2250000 41.9795918367
2500000 55.4680851064
2750000 7.54609929078
3000000 50.6363636364
3250000 67.8604651163
3500000 73.775
3750000 114.558823529
4000000 62.3488372093
4250000 137.5
4500000 69.9512195122
4750000 146.588235294
5000000 156.411764706
5250000 141.818181818
5500000 149.545454545
5750000 132.558823529
6000000 201.466666667
6250000 235.357142857
6500000 191.709677419
6750000 134.470588235
7000000 185.741935484
7250000 62.3111111111
7500000 146.257142857
7750000 199.37037037
8000000 283.692307692
8250000 296.5
8500000 74.5510204082
8750000 215.741935484
9000000 322.916666667
9250000 282.307692308
9500000 212.931034483
9750000 134.075
10000000 260.72
10250000 193.25
10500000 277.52
10750000 251.172413793
11000000 195.225806452
11250000 201.272727273
11500000 257.066666667
11750000 164.388888889
12000000 237.935483871
12250000 285.892857143
12500000 208.941176471
12750000 140.222222222
13000000 281.379310345
13250000 236.451612903
13500000 267.806451613
13750000 202.84375
14000000 211.0625
14250000 186.941176471
14500000 135.097560976
14750000 120.860465116
15000000 221.0
15250000 251.451612903
15500000 153.666666667
15750000 202.885714286
16000000 138.131578947
16250000 151.228571429
16500000 247.266666667
16750000 127.794117647
17000000 233.0
17250000 256.4375
17500000 273.64516129
17750000 229.78125
18000000 279.09375
18250000 219.028571429
18500000 175.0
18750000 239.84375
19000000 185.514285714
19250000 218.945945946
19500000 120.953488372
19750000 234.628571429
20000000 242.971428571
20250000 193.210526316
20500000 201.685714286
20750000 167.375
21000000 63.775862069
21250000 243.942857143
21500000 224.076923077
21750000 174.333333333
22000000 215.666666667
22250000 167.738095238
22500000 246.944444444
22750000 121.541666667
23000000 282.514285714
23250000 288.575757576
23500000 201.941176471
23750000 306.702702703
24000000 119.057692308
24250000 79.2222222222
24500000 272.048780488
24750000 258.675675676
25000000 314.676470588
25250000 324.685714286
25500000 190.925
25750000 246.452380952
26000000 240.380952381
26250000 280.578947368
26500000 267.87804878
26750000 282.605263158
27000000 239.15
27250000 134.058823529
27500000 275.216216216
27750000 229.11627907
28000000 276.951219512
28250000 311.621621622
28500000 351.028571429
28750000 258.512820513
29000000 314.775
29250000 313.682926829
29500000 295.794871795
29750000 181.078431373
30000000 337.736842105
30250000 312.324324324
30500000 285.12195122
30750000 296.12195122
31000000 246.818181818
31250000 242.2
31500000 302.911764706
31750000 52.7536231884
32000000 91.1538461538
32250000 181.04
32500000 253.104166667
32750000 225.512195122
33000000 174.76
33250000 215.395348837
33500000 300.567567568
33750000 300.727272727
34000000 249.261904762
34250000 263.340425532
34500000 338.948717949
34750000 270.375
35000000 271.975
