#{'repeat_prob': 0.0, 'tensorboard_freq': 50, 'opt_decay': 0.95, 'ckpt': 0, 'train_frames': 50000000.0, 'frame_skip': 4, 'tensorboard': False, 'conv_units': [32, 64, 64], 'test_frames': 50000.0, 'in_height': 84, 'hist_size': 1000000.0, 'rom_name': u'frostbite', 'rom_path': u'../ale-git/roms/', 'conv_layers': 3, 'display_screen': False, 'random_start': 30, 'filter_sizes': [8, 4, 3], 'clip_delta': 1.0, 'lr': 0.00025, 'eps_min': 0.1, 'opt_eps': 0.01, 'momentum': 0.0, 'state_frames': 4, 'random_seed': 942, 'batch_size': 32, 'strides': [4, 2, 1], 'device': u'/gpu:0', 'eps_decay': 9e-07, 'in_width': 84, 'fc_layers': 1, 'train_start': 50000.0, 'discount': 0.99, 'test_freq': 250000.0, 'color_avg': True, 'eps': 1.0, 'fc_units': [512], u'seed': 318768153, 'target_sync': 10000.0, 'update_freq': 4}
0 77.0886075949
250000 90.8108108108
500000 205.675675676
750000 214.591836735
1000000 202.352941176
1250000 244.857142857
1500000 201.714285714
1750000 235.411764706
2000000 217.704918033
2250000 103.75
2500000 221.730769231
2750000 243.904761905
3000000 224.835164835
3250000 205.319148936
3500000 191.818181818
3750000 166.25
4000000 323.711340206
4250000 155.777777778
4500000 196.694214876
4750000 237.5
5000000 187.415730337
5250000 69.3333333333
5500000 202.815533981
5750000 102.947368421
6000000 97.4829931973
6250000 190.0
6500000 144.642857143
6750000 138.661417323
7000000 175.535714286
7250000 405.319148936
7500000 323.516483516
7750000 153.515625
8000000 430.104166667
8250000 132.937062937
8500000 81.5476190476
8750000 191.896551724
9000000 177.24137931
9250000 215.909090909
9500000 144.2
9750000 180.084033613
10000000 297.711864407
10250000 191.344537815
10500000 164.495412844
10750000 164.482758621
11000000 138.396946565
11250000 114.696969697
11500000 143.771929825
11750000 83.75
12000000 125.681818182
12250000 159.016393443
12500000 147.525773196
12750000 259.224137931
13000000 105.887850467
13250000 53.2673267327
13500000 142.380952381
13750000 144.06779661
14000000 197.009345794
14250000 151.26984127
14500000 179.326923077
14750000 276.534653465
15000000 298.316831683
15250000 193.944954128
15500000 191.779661017
15750000 539.102564103
16000000 234.166666667
16250000 181.982758621
16500000 190.982142857
16750000 141.584158416
17000000 145.3125
17250000 198.888888889
17500000 139.112903226
17750000 173.230769231
18000000 434.526315789
18250000 147.711864407
18500000 143.571428571
18750000 152.323943662
19000000 649.393939394
19250000 367.291666667
19500000 413.650793651
19750000 320.099009901
20000000 485.662650602
20250000 528.846153846
20500000 422.952380952
20750000 367.739130435
21000000 403.535353535
21250000 506.395348837
21500000 171.476510067
21750000 207.380952381
22000000 157.371794872
22250000 163.037037037
22500000 267.050359712
22750000 164.64516129
23000000 179.72027972
23250000 250.895522388
23500000 312.222222222
23750000 175.983606557
24000000 248.897058824
24250000 464.680851064
24500000 750.243902439
24750000 301.495327103
25000000 417.872340426
25250000 427.272727273
25500000 378.596491228
25750000 611.807228916
26000000 136.066666667
26250000 55.7062146893
26500000 84.8648648649
26750000 99.9193548387
27000000 283.658536585
27250000 58.7078651685
27500000 162.661870504
27750000 182.708333333
28000000 649.87654321
28250000 337.272727273
28500000 377.2
28750000 443.58490566
29000000 373.203883495
29250000 436.551724138
29500000 481.460674157
29750000 239.166666667
30000000 156.688741722
30250000 370.695652174
30500000 202.1875
30750000 182.454545455
31000000 171.168831169
31250000 167.981651376
31500000 174.920634921
31750000 254.72
32000000 187.723577236
32250000 342.61682243
32500000 336.9
32750000 395.140186916
33000000 517.156862745
33250000 284.385964912
33500000 349.663865546
33750000 504.31372549
34000000 224.736842105
34250000 552.619047619
34500000 215.98540146
34750000 580.0
35000000 326.5
35250000 444.625
35500000 777.654320988
35750000 386.7
36000000 672.409638554
36250000 601.058823529
36500000 451.559633028
36750000 196.689655172
37000000 281.25
37250000 402.385321101
37500000 407.590361446
37750000 393.764705882
38000000 223.550724638
38250000 216.517857143
38500000 302.604166667
38750000 338.571428571
39000000 378.54368932
39250000 570.740740741
39500000 422.765957447
39750000 416.785714286
40000000 306.074766355
40250000 472.727272727
40500000 430.561797753
40750000 334.260869565
41000000 644.545454545
41250000 343.043478261
41500000 367.31092437
41750000 360.446428571
42000000 734.189189189
42250000 318.785046729
42500000 409.908256881
42750000 723.928571429
43000000 124.842767296
43250000 204.895833333
43500000 196.324786325
43750000 203.461538462
44000000 480.0
44250000 250.990990991
44500000 709.761904762
44750000 423.417721519
45000000 410.52173913
45250000 269.444444444
45500000 165.68627451
45750000 105.364238411
46000000 256.260869565
46250000 137.197452229
46500000 370.705882353
46750000 268.14159292
47000000 246.435643564
47250000 211.014492754
47500000 313.697478992
47750000 142.264150943
48000000 91.976744186
48250000 349.693877551
48500000 299.019607843
48750000 463.647058824
49000000 233.790322581
49250000 419.14893617
49500000 383.8
49750000 580.987654321
