#{'repeat_prob': 0.0, 'tensorboard_freq': 50, 'opt_decay': 0.95, 'ckpt': 0, 'train_frames': 50000000.0, 'frame_skip': 4, 'tensorboard': False, 'conv_units': [32, 64, 64], 'test_frames': 50000.0, 'in_height': 84, 'hist_size': 1000000.0, 'rom_name': u'seaquest', 'rom_path': u'../ale-git/roms/', 'conv_layers': 3, 'display_screen': False, 'random_start': 30, 'filter_sizes': [8, 4, 3], 'clip_delta': 1.0, 'lr': 0.00025, 'eps_min': 0.1, 'opt_eps': 0.01, 'momentum': 0.0, 'state_frames': 4, 'random_seed': 942, 'batch_size': 32, 'strides': [4, 2, 1], 'device': u'/gpu:0', 'eps_decay': 9e-07, 'in_width': 84, 'fc_layers': 1, 'train_start': 50000.0, 'discount': 0.99, 'test_freq': 250000.0, 'color_avg': True, 'eps': 1.0, 'fc_units': [512], u'seed': 760066723, 'target_sync': 10000.0, 'update_freq': 4}
0 77.3333333333
250000 121.971830986
500000 232.463768116
750000 151.836734694
1000000 451.052631579
1250000 113.513513514
1500000 227.692307692
1750000 266.666666667
2000000 234.615384615
2250000 255.68627451
2500000 68.4210526316
2750000 413.888888889
3000000 133.866666667
3250000 273.684210526
3500000 430.243902439
3750000 398.048780488
4000000 214.615384615
4250000 499.487179487
4500000 217.0
4750000 167.058823529
5000000 445.714285714
5250000 645.405405405
5500000 202.142857143
5750000 298.148148148
6000000 707.804878049
6250000 472.549019608
6500000 105.714285714
6750000 726.666666667
7000000 832.0
7250000 727.878787879
7500000 1016.84210526
7750000 1369.375
8000000 780.555555556
8250000 403.333333333
8500000 1632.14285714
8750000 1760.0
9000000 1084.5
9250000 1421.21212121
9500000 928.571428571
9750000 1711.72413793
10000000 647.083333333
10250000 769.756097561
10500000 1180.58823529
10750000 350.23255814
11000000 1294.28571429
11250000 1849.62962963
11500000 1174.59459459
11750000 1045.40540541
12000000 1120.0
12250000 1900.0
12500000 1612.66666667
12750000 1974.4
13000000 1055.67567568
13250000 1705.71428571
13500000 1451.61290323
13750000 1178.37837838
14000000 2013.6
14250000 802.916666667
14500000 1602.85714286
14750000 1897.03703704
15000000 800.0
15250000 1620.0
15500000 1330.3030303
15750000 2109.23076923
16000000 1613.125
16250000 2162.4
16500000 2025.83333333
16750000 2152.0
17000000 1307.42857143
17250000 2289.16666667
17500000 2074.61538462
17750000 556.111111111
18000000 632.888888889
18250000 964.102564103
18500000 2163.84615385
18750000 2063.84615385
19000000 2034.07407407
19250000 2022.14285714
19500000 1456.55172414
19750000 1850.4
20000000 1717.24137931
20250000 2043.7037037
20500000 1447.5862069
20750000 632.727272727
21000000 1378.06451613
21250000 2373.91304348
21500000 2091.11111111
21750000 1558.66666667
22000000 1627.33333333
22250000 1526.42857143
22500000 1993.10344828
22750000 1862.85714286
23000000 888.181818182
23250000 1031.28205128
23500000 1862.96296296
23750000 1080.47619048
24000000 1159.45945946
24250000 1492.0
24500000 690.588235294
24750000 1614.11764706
25000000 780.0
25250000 1286.47058824
25500000 1598.70967742
25750000 1278.23529412
26000000 1700.0
26250000 2265.33333333
26500000 2161.25
26750000 1058.53658537
27000000 619.130434783
27250000 1477.05882353
27500000 972.571428571
27750000 1680.66666667
28000000 1703.33333333
28250000 1995.88235294
28500000 1568.82352941
28750000 336.41025641
29000000 2802.30769231
29250000 2284.0
29500000 1203.63636364
29750000 1584.57142857
30000000 1750.0
30250000 676.097560976
30500000 2471.03448276
30750000 1783.03030303
31000000 2813.57142857
31250000 2668.57142857
31500000 904.761904762
31750000 634.782608696
32000000 636.8
32250000 768.571428571
32500000 1102.42424242
32750000 1547.22222222
33000000 1000.0
33250000 3062.96296296
33500000 1138.97435897
33750000 2018.0
34000000 2331.51515152
34250000 1737.57575758
34500000 2835.71428571
34750000 2975.17241379
35000000 1886.48648649
35250000 1393.33333333
35500000 4119.16666667
35750000 849.5
36000000 2867.69230769
36250000 2790.37037037
36500000 882.352941176
36750000 3215.0
37000000 2460.0
37250000 1632.35294118
37500000 2055.55555556
37750000 2764.82758621
38000000 2977.14285714
38250000 3538.4
38500000 2562.58064516
38750000 2125.625
39000000 2512.4137931
39250000 2525.71428571
39500000 4371.42857143
39750000 1585.0
40000000 4100.86956522
40250000 2849.62962963
40500000 1348.94736842
40750000 1213.52941176
41000000 1780.60606061
41250000 1994.81481481
41500000 2370.32258065
41750000 2421.37931034
42000000 2255.33333333
42250000 2451.42857143
42500000 1513.75
42750000 2394.83870968
43000000 1921.42857143
43250000 2750.76923077
43500000 2246.47058824
43750000 1257.41935484
44000000 1273.33333333
44250000 2275.55555556
44500000 2792.90322581
44750000 1641.25
45000000 3583.07692308
45250000 871.818181818
45500000 1282.94117647
45750000 2679.16666667
46000000 1988.125
46250000 1580.625
46500000 1860.58823529
46750000 1090.25641026
47000000 1256.5
47250000 2105.0
47500000 1669.14285714
47750000 2014.81481481
48000000 1487.89473684
48250000 887.555555556
48500000 3031.42857143
48750000 2453.33333333
49000000 4121.81818182
49250000 1363.58974359
49500000 1561.62162162
49750000 2548.38709677
