#{'repeat_prob': 0.0, 'tensorboard_freq': 50, 'opt_decay': 0.95, 'ckpt': 0, 'train_frames': 50000000.0, 'frame_skip': 4, 'tensorboard': False, 'conv_units': [32, 64, 64], 'test_frames': 50000.0, 'in_height': 84, 'hist_size': 1000000.0, 'rom_name': u'riverraid', 'rom_path': u'../ale-git/roms/', 'conv_layers': 3, 'display_screen': False, 'random_start': 30, 'filter_sizes': [8, 4, 3], 'clip_delta': 1.0, 'lr': 0.00025, 'eps_min': 0.1, 'opt_eps': 0.01, 'momentum': 0.0, 'state_frames': 4, 'random_seed': 942, 'batch_size': 32, 'strides': [4, 2, 1], 'device': u'/gpu:0', 'eps_decay': 9e-07, 'in_width': 84, 'fc_layers': 1, 'train_start': 50000.0, 'discount': 0.99, 'test_freq': 250000.0, 'color_avg': True, 'eps': 1.0, 'fc_units': [512], u'seed': 371752464, 'target_sync': 10000.0, 'update_freq': 4}
0 814.90797546
250000 848.0
500000 2061.9047619
750000 1318.85714286
1000000 2390.95238095
1250000 2494.81481481
1500000 2057.64705882
1750000 2640.83333333
2000000 2208.48484848
2250000 2786.23376623
2500000 3285.85714286
2750000 2452.14285714
3000000 3214.65753425
3250000 3275.0
3500000 3778.86792453
3750000 3723.57142857
4000000 3807.57142857
4250000 3270.16129032
4500000 4685.27272727
4750000 4895.81395349
5000000 4337.31343284
5250000 4511.4
5500000 4958.18181818
5750000 4958.33333333
6000000 4711.30434783
6250000 4544.69387755
6500000 4620.68965517
6750000 6415.14285714
7000000 4051.91489362
7250000 5498.33333333
7500000 4406.875
7750000 5870.45454545
8000000 6628.94736842
8250000 5896.66666667
8500000 5885.67567568
8750000 6790.27027027
9000000 6091.75
9250000 6033.75
9500000 4683.26086957
9750000 6227.17948718
10000000 6637.88461538
10250000 6899.2
10500000 4146.42857143
10750000 6183.77358491
11000000 6332.44444444
11250000 6807.16981132
11500000 7361.46341463
11750000 6994.52830189
12000000 7503.33333333
12250000 6815.78947368
12500000 7544.25
12750000 7132.89473684
13000000 7089.60784314
13250000 7527.90697674
13500000 7161.25
13750000 6395.0
14000000 7617.04545455
14250000 7998.57142857
14500000 6764.70588235
14750000 7672.75
15000000 7652.39130435
15250000 6948.95833333
15500000 6285.25
15750000 8375.25
16000000 7641.66666667
16250000 7747.55102041
16500000 7753.40425532
16750000 6828.26086957
17000000 7878.04347826
17250000 8071.0
17500000 7243.11111111
17750000 7367.17391304
18000000 7788.94736842
18250000 7942.58064516
18500000 8113.91304348
18750000 7814.25
19000000 8476.15384615
19250000 7226.81818182
19500000 8409.72222222
19750000 6280.54054054
20000000 7727.27272727
20250000 6612.66666667
20500000 8642.22222222
20750000 7924.56521739
21000000 5402.10526316
21250000 6517.55102041
21500000 8318.29268293
21750000 6794.6
22000000 6921.83673469
22250000 9144.21052632
22500000 9424.84848485
22750000 7954.44444444
23000000 7929.56521739
23250000 8268.60465116
23500000 5633.7037037
23750000 8515.34883721
24000000 8926.05263158
24250000 7508.86363636
24500000 6673.88888889
24750000 8753.75
25000000 9467.22222222
25250000 8804.28571429
25500000 8036.58536585
25750000 8513.24324324
26000000 5540.81632653
26250000 7766.34146341
26500000 7863.69565217
26750000 8036.81818182
27000000 8270.55555556
27250000 7746.75
27500000 7685.41666667
27750000 7375.34883721
28000000 6186.04166667
28250000 8537.0
28500000 7917.33333333
28750000 8294.16666667
29000000 7132.24489796
29250000 7342.29166667
29500000 7100.0
29750000 7379.45945946
30000000 7510.69767442
30250000 6412.59259259
30500000 6783.96226415
30750000 7208.36734694
31000000 6426.2
31250000 6097.77777778
31500000 6435.30612245
31750000 5100.97560976
32000000 6710.22222222
32250000 5080.35087719
32500000 5138.6
32750000 3880.5
33000000 5492.44897959
33250000 5587.60869565
33500000 4875.97014925
33750000 4544.21052632
34000000 3458.06451613
34250000 4683.1147541
34500000 4201.29032258
34750000 2333.27586207
35000000 3840.0
35250000 3305.35714286
35500000 2115.91397849
35750000 2502.91139241
36000000 1059.79166667
36250000 1716.46464646
36500000 1059.07216495
36750000 1895.9
37000000 478.863636364
37250000 1878.62068966
37500000 424.537037037
37750000 933.870967742
38000000 1481.74757282
38250000 566.394557823
38500000 1133.67816092
38750000 1312.43589744
39000000 411.30952381
39250000 1562.6
39500000 940.97826087
39750000 1812.83950617
40000000 1591.52941176
40250000 1384.59770115
40500000 1400.24691358
40750000 1438.41584158
41000000 1191.04651163
41250000 1471.31868132
41500000 1113.13432836
41750000 983.636363636
42000000 610.22556391
42250000 1026.60194175
42500000 1362.41758242
42750000 950.322580645
43000000 1111.125
43250000 662.065217391
43500000 473.5
43750000 1186.02272727
44000000 777.592592593
44250000 1106.27659574
44500000 1236.54320988
44750000 790.0
45000000 527.934782609
45250000 624.436090226
45500000 684.193548387
45750000 758.384615385
46000000 448.2
46250000 818.632478632
46500000 609.318181818
46750000 798.905109489
47000000 1353.59649123
47250000 1249.125
47500000 526.639344262
47750000 891.794871795
48000000 804.818181818
48250000 1483.68421053
48500000 924.821428571
48750000 703.529411765
49000000 526.875
49250000 830.17699115
49500000 839.174311927
49750000 1253.19148936
