#{'repeat_prob': 0.0, 'tensorboard_freq': 50, 'opt_decay': 0.95, 'ckpt': 0, 'train_frames': 50000000.0, 'frame_skip': 4, 'tensorboard': False, 'conv_units': [32, 64, 64], 'test_frames': 20000.0, 'in_height': 84, 'hist_size': 1000000.0, u'rom_name': u'breakout', 'rom_path': u'../ale-git/roms/', 'conv_layers': 3, 'display_screen': False, 'random_start': 30, 'filter_sizes': [8, 4, 3], 'clip_delta': 1.0, 'lr': 0.00025, 'eps_min': 0.1, 'opt_eps': 0.01, 'momentum': 0.0, 'state_frames': 4, 'random_seed': 42, 'batch_size': 32, 'strides': [4, 2, 1], 'device': u'/gpu:0', 'eps_decay': 9e-07, 'in_width': 84, 'fc_layers': 1, 'train_start': 50000.0, 'discount': 0.99, 'test_freq': 250000.0, 'color_avg': True, 'eps': 1.0, 'fc_units': [512], u'seed': 955431454, 'target_sync': 10000.0, 'update_freq': 4}
0 10.4193548387
250000 3.5625
500000 3.16304347826
750000 10.9696969697
1000000 11.9482758621
1250000 21.8387096774
1500000 18.3529411765
1750000 28.4166666667
2000000 29.48
2250000 36.5652173913
2500000 40.8333333333
2750000 52.9411764706
3000000 59.7647058824
3250000 54.2352941176
3500000 101.214285714
3750000 82.375
4000000 103.5
4250000 63.5294117647
4500000 58.1764705882
4750000 129.5
5000000 147.866666667
5250000 148.285714286
5500000 137.285714286
5750000 121.285714286
6000000 132.769230769
6250000 153.214285714
6500000 195.75
6750000 110.428571429
7000000 109.733333333
7250000 198.230769231
7500000 199.538461538
7750000 114.9375
8000000 146.642857143
8250000 184.153846154
8500000 176.076923077
8750000 234.333333333
9000000 247.181818182
9250000 193.0
9500000 216.769230769
9750000 176.846153846
10000000 203.333333333
10250000 68.45
10500000 174.307692308
10750000 214.333333333
11000000 199.153846154
11250000 298.3
11500000 156.583333333
11750000 227.666666667
12000000 259.75
12250000 230.818181818
12500000 239.0
12750000 202.75
13000000 241.0
13250000 227.25
13500000 109.789473684
13750000 180.133333333
14000000 181.357142857
14250000 238.769230769
14500000 110.705882353
14750000 149.375
15000000 257.454545455
15250000 189.153846154
15500000 175.0
15750000 84.2941176471
16000000 185.875
16250000 172.5
16500000 55.9
16750000 220.071428571
17000000 138.4375
17250000 278.727272727
17500000 250.384615385
17750000 292.571428571
18000000 266.357142857
18250000 237.928571429
18500000 239.142857143
18750000 295.357142857
19000000 302.0625
19250000 249.933333333
19500000 249.25
19750000 126.1
20000000 237.357142857
20250000 307.642857143
20500000 263.0625
20750000 55.8387096774
21000000 143.888888889
21250000 143.588235294
21500000 300.933333333
21750000 205.117647059
22000000 215.882352941
22250000 260.307692308
22500000 309.3125
22750000 214.9375
23000000 368.615384615
23250000 197.941176471
23500000 289.5
23750000 301.785714286
24000000 237.578947368
24250000 184.933333333
24500000 282.4
24750000 366.428571429
25000000 327.866666667
25250000 225.3125
25500000 183.176470588
25750000 239.466666667
26000000 211.235294118
26250000 330.4
26500000 186.894736842
26750000 269.066666667
27000000 210.75
27250000 259.0
27500000 287.5
27750000 325.357142857
28000000 262.882352941
28250000 234.571428571
28500000 334.071428571
28750000 349.642857143
29000000 184.0
29250000 220.352941176
29500000 151.333333333
29750000 322.533333333
30000000 263.0
30250000 180.846153846
30500000 256.666666667
30750000 293.411764706
31000000 262.933333333
31250000 255.666666667
31500000 332.4
31750000 297.266666667
32000000 299.5625
32250000 239.473684211
32500000 232.1
32750000 300.529411765
33000000 206.428571429
33250000 325.125
33500000 389.714285714
33750000 130.142857143
34000000 288.9375
34250000 204.611111111
34500000 300.0
34750000 260.684210526
35000000 271.470588235
35250000 267.947368421
35500000 397.461538462
35750000 124.761904762
36000000 264.875
36250000 265.5
36500000 340.714285714
36750000 368.384615385
37000000 276.5
37250000 236.647058824
37500000 308.6
37750000 323.1875
38000000 352.266666667
38250000 359.642857143
38500000 362.5
38750000 316.375
39000000 393.142857143
39250000 330.461538462
39500000 223.777777778
39750000 276.875
40000000 228.375
40250000 173.954545455
40500000 335.066666667
40750000 315.466666667
41000000 76.5
41250000 169.85
41500000 238.588235294
41750000 408.692307692
42000000 383.769230769
42250000 264.352941176
42500000 292.466666667
42750000 319.733333333
43000000 235.578947368
43250000 346.071428571
43500000 216.315789474
43750000 147.043478261
44000000 180.5
44250000 331.785714286
44500000 263.058823529
44750000 313.125
45000000 360.428571429
45250000 305.933333333
45500000 340.75
45750000 351.666666667
46000000 207.111111111
46250000 319.6
46500000 288.133333333
46750000 297.8
47000000 247.833333333
47250000 367.583333333
47500000 292.8
47750000 331.538461538
48000000 325.083333333
48250000 347.666666667
48500000 249.933333333
48750000 256.352941176
49000000 358.384615385
49250000 366.7
49500000 233.166666667
49750000 300.666666667
