#{'repeat_prob': 0.0, 'tensorboard_freq': 50, 'opt_decay': 0.95, 'ckpt': 0, 'train_frames': 50000000.0, 'frame_skip': 4, 'tensorboard': False, 'conv_units': [32, 64, 64], 'test_frames': 20000.0, 'in_height': 84, 'hist_size': 1000000.0, u'rom_name': u'frostbite', 'rom_path': u'../ale-git/roms/', 'conv_layers': 3, 'display_screen': False, 'random_start': 30, 'filter_sizes': [8, 4, 3], 'clip_delta': 1.0, 'lr': 0.00025, 'eps_min': 0.1, 'opt_eps': 0.01, 'momentum': 0.0, 'state_frames': 4, 'random_seed': 42, 'batch_size': 32, 'strides': [4, 2, 1], 'device': u'/gpu:0', 'eps_decay': 9e-07, 'in_width': 84, 'fc_layers': 1, 'train_start': 50000.0, 'discount': 0.99, 'test_freq': 250000.0, 'color_avg': True, 'eps': 1.0, 'fc_units': [512], u'seed': 584317482, 'target_sync': 10000.0, 'update_freq': 4}
0 18.75
250000 168.913043478
500000 231.578947368
750000 233.023255814
1000000 209.285714286
1250000 458.571428571
1500000 221.794871795
1750000 272.631578947
2000000 296.315789474
2250000 203.47826087
2500000 301.0
2750000 276.428571429
3000000 133.636363636
3250000 179.411764706
3500000 233.666666667
3750000 160.285714286
4000000 235.897435897
4250000 134.8
4500000 269.230769231
4750000 187.5
5000000 147.5
5250000 175.625
5500000 195.3125
5750000 109.0
6000000 148.965517241
6250000 194.666666667
6500000 176.96969697
6750000 196.296296296
7000000 179.555555556
7250000 128.620689655
7500000 176.078431373
7750000 158.305084746
8000000 175.744680851
8250000 153.157894737
8500000 185.833333333
8750000 113.888888889
9000000 179.14893617
9250000 170.697674419
9500000 190.294117647
9750000 215.11627907
10000000 176.944444444
10250000 169.76744186
10500000 180.612244898
10750000 164.489795918
11000000 277.142857143
11250000 172.222222222
11500000 177.608695652
11750000 218.333333333
12000000 304.324324324
12250000 204.583333333
12500000 165.106382979
12750000 170.754716981
13000000 153.170731707
13250000 201.951219512
13500000 152.790697674
13750000 161.632653061
14000000 156.304347826
14250000 191.395348837
14500000 182.916666667
14750000 170.545454545
15000000 203.255813953
15250000 197.307692308
15500000 171.481481481
15750000 177.551020408
16000000 147.0
16250000 131.777777778
16500000 125.365853659
16750000 135.853658537
17000000 157.352941176
17250000 194.583333333
17500000 168.958333333
17750000 126.851851852
18000000 138.360655738
18250000 197.058823529
18500000 115.094339623
18750000 168.4
19000000 130.877192982
19250000 173.170731707
19500000 187.755102041
19750000 146.037735849
20000000 148.214285714
20250000 173.333333333
20500000 153.846153846
20750000 180.256410256
21000000 116.949152542
21250000 168.666666667
21500000 193.695652174
21750000 121.162790698
22000000 130.322580645
22250000 116.031746032
22500000 159.215686275
22750000 107.884615385
23000000 70.6451612903
23250000 86.2903225806
23500000 50.8450704225
23750000 117.358490566
24000000 64.9350649351
24250000 113.709677419
24500000 107.678571429
24750000 112.0
25000000 126.756756757
25250000 170.0
25500000 140.754716981
25750000 187.446808511
26000000 156.49122807
26250000 176.875
26500000 176.666666667
26750000 142.653061224
27000000 154.285714286
27250000 173.454545455
27500000 142.820512821
27750000 193.513513514
28000000 152.711864407
28250000 104.31372549
28500000 128.4
28750000 143.962264151
29000000 114.461538462
29250000 116.12244898
29500000 148.421052632
29750000 152.708333333
30000000 172.222222222
30250000 138.444444444
30500000 121.081081081
30750000 146.666666667
31000000 111.333333333
31250000 120.277777778
31500000 116.666666667
31750000 125.283018868
32000000 92.1052631579
32250000 76.8571428571
32500000 126.739130435
32750000 87.4137931034
33000000 74.7727272727
33250000 84.8717948718
33500000 73.7254901961
33750000 98.2051282051
34000000 117.894736842
34250000 105.0
34500000 94.6551724138
34750000 142.093023256
35000000 95.5172413793
35250000 97.5384615385
35500000 75.2
35750000 76.9696969697
36000000 75.652173913
36250000 136.607142857
36500000 92.5
36750000 95.2542372881
37000000 106.507936508
37250000 128.392857143
37500000 120.9375
37750000 89.5238095238
38000000 80.487804878
38250000 112.0
38500000 99.5
38750000 111.228070175
39000000 153.818181818
39250000 108.409090909
39500000 107.575757576
39750000 99.1666666667
40000000 114.098360656
40250000 95.4716981132
40500000 110.816326531
40750000 102.0
41000000 111.470588235
41250000 98.6111111111
41500000 161.37254902
41750000 180.25
42000000 159.152542373
42250000 135.238095238
42500000 159.14893617
42750000 175.405405405
43000000 136.79245283
43250000 125.510204082
43500000 96.1224489796
43750000 138.727272727
44000000 160.666666667
44250000 58.275862069
44500000 152.105263158
44750000 116.41509434
45000000 92.0
45250000 295.277777778
45500000 77.5438596491
45750000 97.1052631579
46000000 93.5555555556
46250000 107.313432836
46500000 107.0
46750000 108.648648649
47000000 91.4035087719
47250000 114.736842105
47500000 134.634146341
47750000 188.727272727
48000000 125.102040816
48250000 168.541666667
48500000 106.666666667
48750000 103.125
49000000 105.208333333
49250000 131.666666667
49500000 117.058823529
49750000 200.454545455
