#{'repeat_prob': 0.0, 'tensorboard_freq': 50, 'opt_decay': 0.95, 'ckpt': 0, 'train_frames': 50000000.0, 'frame_skip': 4, 'tensorboard': False, 'conv_units': [32, 64, 64], 'test_frames': 20000.0, 'in_height': 84, 'hist_size': 1000000.0, u'rom_name': u'riverraid', 'rom_path': u'../ale-git/roms/', 'conv_layers': 3, 'display_screen': False, 'random_start': 30, 'filter_sizes': [8, 4, 3], 'clip_delta': 1.0, 'lr': 0.00025, 'eps_min': 0.1, 'opt_eps': 0.01, 'momentum': 0.0, 'state_frames': 4, 'random_seed': 42, 'batch_size': 32, 'strides': [4, 2, 1], 'device': u'/gpu:0', 'eps_decay': 9e-07, 'in_width': 84, 'fc_layers': 1, 'train_start': 50000.0, 'discount': 0.99, 'test_freq': 250000.0, 'color_avg': True, 'eps': 1.0, 'fc_units': [512], u'seed': 199021739, 'target_sync': 10000.0, 'update_freq': 4}
0 25.7281553398
250000 1310.0
500000 914.5
750000 2042.4
1000000 2362.8
1250000 2402.38095238
1500000 2147.74193548
1750000 2486.66666667
2000000 2698.14814815
2250000 3004.0
2500000 3097.33333333
2750000 2763.33333333
3000000 2869.66666667
3250000 3685.71428571
3500000 2952.22222222
3750000 3372.5
4000000 3244.73684211
4250000 2503.10344828
4500000 4148.0
4750000 4556.875
5000000 2466.75
5250000 4570.58823529
5500000 4673.68421053
5750000 4541.11111111
6000000 4795.0
6250000 5810.5
6500000 5126.15384615
6750000 4542.08333333
7000000 6281.05263158
7250000 6380.58823529
7500000 5046.5
7750000 6250.52631579
8000000 5705.625
8250000 5907.69230769
8500000 6406.31578947
8750000 6323.75
9000000 7272.0
9250000 6360.66666667
9500000 5411.17647059
9750000 5130.43478261
10000000 7006.31578947
10250000 6642.5
10500000 7192.5
10750000 7685.0
11000000 6238.69565217
11250000 5394.44444444
11500000 6697.5
11750000 7508.23529412
12000000 6165.83333333
12250000 7904.70588235
12500000 7311.9047619
12750000 7613.52941176
13000000 7110.76923077
13250000 7470.71428571
13500000 7547.69230769
13750000 7821.17647059
14000000 5903.91304348
14250000 6321.76470588
14500000 8714.0
14750000 8278.23529412
15000000 6764.0
15250000 7728.94736842
15500000 8106.66666667
15750000 8211.42857143
16000000 8304.66666667
16250000 6461.9047619
16500000 7755.88235294
16750000 7522.5
17000000 8248.82352941
17250000 8255.71428571
17500000 7517.69230769
17750000 7872.66666667
18000000 7716.66666667
18250000 7301.53846154
18500000 7057.0
18750000 6465.71428571
19000000 7378.125
19250000 7807.33333333
19500000 8136.875
19750000 9174.61538462
20000000 7913.57142857
20250000 7602.94117647
20500000 6016.25
20750000 8543.52941176
21000000 9438.57142857
21250000 7823.75
21500000 7963.88888889
21750000 9139.16666667
22000000 7441.42857143
22250000 6633.52941176
22500000 6544.61538462
22750000 9228.46153846
23000000 8164.66666667
23250000 5755.78947368
23500000 6959.47368421
23750000 5830.0
24000000 7863.68421053
24250000 8104.28571429
24500000 9467.33333333
24750000 6744.0
25000000 7470.0
25250000 7333.5
25500000 6743.33333333
25750000 7913.75
26000000 6936.0
26250000 6336.84210526
26500000 8095.55555556
26750000 6244.44444444
27000000 5178.69565217
27250000 3718.69565217
27500000 4905.2173913
27750000 3291.25
28000000 3331.05263158
28250000 2681.11111111
28500000 2369.47368421
28750000 2932.85714286
29000000 1768.21428571
29250000 1824.6875
29500000 47.6288659794
29750000 592.1875
30000000 1204.375
30250000 959.285714286
30500000 592.8
30750000 948.518518519
31000000 1450.28571429
31250000 1974.51612903
31500000 2049.64285714
31750000 2041.37931034
32000000 1830.33333333
32250000 2165.90909091
32500000 2125.18518519
32750000 1778.62068966
33000000 1969.6
33250000 1872.33333333
33500000 1840.71428571
33750000 2190.71428571
34000000 1977.69230769
34250000 2661.48148148
34500000 1676.96969697
34750000 2520.38461538
35000000 1793.03030303
35250000 1165.42857143
35500000 1749.0625
35750000 1376.4516129
36000000 2192.85714286
36250000 1929.2
36500000 1488.75
36750000 797.878787879
37000000 1481.30434783
37250000 569.024390244
37500000 1941.25
37750000 339.35483871
38000000 1648.57142857
38250000 1784.66666667
38500000 304.556962025
38750000 1719.62962963
39000000 1466.57142857
39250000 1880.43478261
39500000 1146.07142857
39750000 576.470588235
40000000 1681.85185185
40250000 703.684210526
40500000 376.571428571
40750000 374.385964912
41000000 417.619047619
41250000 836.944444444
41500000 693.157894737
41750000 1499.0625
42000000 1247.02702703
42250000 1153.78378378
42500000 1156.51162791
42750000 661.041666667
43000000 682.222222222
43250000 745.0
43500000 917.777777778
43750000 1280.45454545
44000000 1091.6
44250000 746.444444444
44500000 1081.32075472
44750000 1005.71428571
45000000 1053.125
45250000 1084.63414634
45500000 1174.41176471
45750000 1223.33333333
46000000 918.269230769
46250000 395.37037037
46500000 777.368421053
46750000 563.484848485
47000000 456.0
47250000 340.208333333
47500000 309.756097561
47750000 492.0
48000000 321.379310345
48250000 1602.64705882
48500000 1562.33333333
48750000 1420.97560976
49000000 1133.82352941
49250000 1661.94444444
49500000 1366.94444444
49750000 1635.0
